#ID	Avg_fold	Length	Read_GC
k141_43	6.6809	539	0.7010
k141_48	5.9985	664	0.6747
k141_52	4.0867	577	0.6773
k141_76	80.0144	556	0.5487
k141_85	5.0316	885	0.6884
k141_113	5.5342	1168	0.6824
k141_117	5.3022	546	0.6668
k141_118	4.1203	1313	0.6126
k141_125	4.1208	753	0.6524
k141_127	178.8459	1343	0.5161
k141_137	5.1182	1294	0.7095
k141_139	5.2143	1689	0.6911
k141_141	5.2449	1360	0.6624
k141_144	5.7118	1131	0.7212
k141_147	5.4077	1614	0.6787
k141_148	5.9848	988	0.6932
k141_156	3.2744	933	0.7590
k141_159	63.2078	741	0.3990
k141_164	5.8834	1767	0.6759
k141_167	4.1851	1151	0.7124
k141_170	6.1789	682	0.6709
k141_171	6.0005	1997	0.7060
k141_172	4.5184	2091	0.6435
k141_180	310.0367	1199	0.3495
k141_182	76.4612	2292	0.3357
k141_188	3.4643	868	0.6997
k141_192	122.1289	830	0.5315
k141_193	4.7890	2137	0.7304
k141_198	3.4919	862	0.7050
k141_199	4.4083	818	0.6553
k141_202	4.1320	947	0.7281
k141_226	5.1971	2313	0.7416
k141_237	171.7912	546	0.3846
k141_244	390.5909	2672	0.5323
k141_245	137.0957	1683	0.4925
k141_247	18.1854	1521	0.6521
k141_253	7.3501	2399	0.6836
k141_264	6.9783	2023	0.6437
k141_266	5.4469	2486	0.6989
k141_272	5.4036	1058	0.7423
k141_274	4.9504	3327	0.6736
k141_282	6.8425	2965	0.6735
k141_284	83.3280	1625	0.4775
k141_285	54.2037	874	0.5092
k141_291	253.8256	1720	0.3713
k141_298	7.1177	2183	0.7220
k141_302	5.8125	3680	0.6912
k141_311	7.3962	3985	0.6750
k141_316	8.2610	2211	0.7056
k141_319	99.6927	576	0.4582
k141_322	4.5868	1181	0.6475
k141_325	7.7906	3052	0.7264
k141_327	6.1137	3193	0.7224
k141_336	5.9556	2678	0.7495
k141_337	5.0141	4683	0.6859
k141_338	118.4504	1079	0.3279
k141_340	93.2122	1037	0.5473
k141_344	713.7633	735	0.3869
k141_345	4.6166	1304	0.7030
k141_350	6.6600	653	0.7132
k141_353	5.6571	630	0.7223
k141_354	4.8205	1499	0.6912
k141_355	67.5433	3017	0.4083
k141_356	6.4992	3794	0.6961
k141_360	4.1686	866	0.7265
k141_364	63.4701	1338	0.3551
k141_367	204.1875	3050	0.5291
k141_369	4.7546	5126	0.6896
k141_371	4.6608	2709	0.6826
k141_374	49.0243	577	0.5011
k141_375	5.4687	3132	0.6784
k141_382	6.0830	5540	0.6970
k141_385	6.7062	1586	0.7229
k141_392	3.9521	605	0.6939
k141_399	58.3766	685	0.2996
k141_402	8.7851	2825	0.7113
k141_403	5.8302	5313	0.7224
k141_404	6.7269	6398	0.6794
k141_405	6.4549	5586	0.7181
k141_406	7.3767	6140	0.7015
k141_407	8.8835	4362	0.7000
k141_410	6.4288	2691	0.7037
k141_411	5.3900	541	0.7083
k141_412	5.9454	2216	0.6746
k141_413	3.2622	923	0.6299
k141_414	71.7873	4457	0.4080
k141_415	3.6018	884	0.7294
k141_418	67.6163	4180	0.3840
k141_420	106.6069	547	0.3837
k141_421	5.5393	1413	0.7277
k141_424	7.4577	568	0.7464
k141_428	102.8500	860	0.3422
k141_431	4.6526	3040	0.7001
k141_432	5.6426	1911	0.7339
k141_435	6.0559	4653	0.7159
k141_438	6.0170	2938	0.6764
k141_439	6.4130	7092	0.7080
k141_440	6.4548	5735	0.7065
k141_441	6.2714	3165	0.6594
k141_442	3.3331	1390	0.6611
k141_443	6.0009	6373	0.7033
k141_444	5.5403	2099	0.6800
k141_445	6.8470	8109	0.6750
k141_446	4.8355	1757	0.7333
k141_448	54.6004	946	0.4472
k141_449	4.4495	1059	0.6971
k141_451	94.1366	615	0.5538
k141_452	6.1495	4061	0.6952
k141_453	8.2856	8217	0.7005
k141_454	4.3260	1322	0.6641
k141_458	3.1818	1513	0.6788
k141_460	6.1194	1131	0.6812
k141_462	7.7106	8584	0.6951
k141_465	4.1296	656	0.7150
k141_472	6.5781	7738	0.6817
k141_473	4.8206	1717	0.6871
k141_474	131.0836	3503	0.4672
k141_477	5.4457	2533	0.7017
k141_478	65.3060	6575	0.4316
k141_481	7.1497	3915	0.7195
k141_484	5.9620	2314	0.6886
k141_486	7.2178	6699	0.7103
k141_488	3.9073	604	0.6649
k141_492	262.2833	1719	0.3735
k141_494	6.5825	7681	0.6731
k141_496	5.6698	2526	0.6759
k141_498	6.5009	3889	0.7288
k141_500	6.4708	3749	0.6405
k141_507	7.9771	6058	0.6669
k141_515	6.5375	2519	0.6689
k141_520	7.2550	8588	0.6735
k141_522	6.4824	9212	0.6997
k141_524	7.6762	5682	0.6960
k141_525	6.8764	4926	0.6637
k141_534	53.2073	1095	0.4955
k141_535	5.5354	2501	0.6778
k141_536	7.5687	9622	0.6876
k141_538	6.3682	8555	0.6960
k141_541	6.9302	9369	0.7045
k141_546	6.5740	10717	0.7047
k141_549	6.9699	532	0.7117
k141_554	76.1964	4415	0.3462
k141_558	6.3458	8545	0.6850
k141_561	3.1129	1063	0.7212
k141_562	7.0108	2318	0.7098
k141_567	125.9711	622	0.5290
k141_568	4.8226	1060	0.7172
k141_570	71.8982	10695	0.4259
k141_571	6.7538	8833	0.6948
k141_576	8.0420	8936	0.7264
k141_577	4.8173	1423	0.6645
k141_578	4.5431	580	0.6800
k141_590	65.3238	8261	0.4414
k141_593	6.9047	7133	0.6843
k141_594	7.9789	2743	0.7024
k141_597	4.7953	816	0.6149
k141_603	4.9502	843	0.6849
k141_604	22.9146	1359	0.6365
k141_608	3.2079	558	0.6406
k141_610	6.0484	723	0.6348
k141_612	5.5165	1119	0.7118
k141_613	6.3222	5853	0.6899
k141_616	3.3950	524	0.7159
k141_619	5.9058	1911	0.6843
k141_623	3.5404	742	0.6327
k141_629	3.4459	841	0.6229
k141_630	65.4302	2771	0.3486
k141_634	71.3984	4669	0.4101
k141_636	5.9436	1809	0.7061
k141_639	8.0838	513	0.6604
k141_641	85.8692	1903	0.6102
k141_643	7.7289	12529	0.6946
k141_645	26.9421	1295	0.6505
k141_646	7.3727	3955	0.7082
k141_650	7.7330	9029	0.7303
k141_654	217.1094	585	0.3335
k141_659	6.5829	2764	0.7027
k141_660	6.9718	1063	0.6404
k141_661	3.8061	1186	0.6649
k141_667	3.2161	722	0.7197
k141_670	59.2927	3778	0.3665
k141_671	7.1092	1483	0.7221
k141_678	7.2240	14040	0.6963
k141_685	752.3813	750	0.3717
k141_692	24.9304	819	0.6439
k141_696	6.9474	6694	0.6889
k141_698	46.2777	8539	0.5622
k141_702	4.6662	1528	0.6975
k141_710	6.0641	1404	0.6563
k141_711	71.4331	5451	0.3753
k141_714	6.7032	12528	0.6958
k141_715	6.0365	7072	0.7021
k141_716	7.0777	4017	0.6966
k141_718	4.6815	3504	0.7247
k141_719	68.9908	12674	0.4234
k141_724	69.5344	15403	0.3725
k141_725	5.9427	11391	0.6735
k141_730	5.8694	2389	0.6931
k141_732	7.2939	6427	0.6950
k141_733	7.1857	14911	0.6967
k141_735	7.1381	7514	0.6659
k141_737	6.4478	1005	0.6586
k141_739	55.2922	1971	0.5341
k141_741	9.3486	2625	0.6432
k141_744	7.1919	3632	0.7015
k141_746	5.5563	1607	0.7165
k141_752	6.6912	3238	0.6918
k141_757	8.1924	8837	0.6924
k141_763	4.4322	1689	0.6860
k141_766	5.1928	866	0.6857
k141_767	6.0000	2803	0.6919
k141_769	7.2433	5188	0.6903
k141_782	37.9759	622	0.5231
k141_787	90.1650	921	0.5042
k141_792	103.0364	741	0.3724
k141_798	7.1870	8041	0.6772
k141_799	5.8418	752	0.6718
k141_802	5.6039	760	0.6221
k141_803	4.1311	656	0.7062
k141_805	7.0927	4540	0.6973
k141_806	5.6166	785	0.6946
k141_812	6.5950	7185	0.7081
k141_814	48.0217	8423	0.5138
k141_816	5.4876	1567	0.6922
k141_818	6.7083	1272	0.7063
k141_831	74.0568	17067	0.4301
k141_843	7.2056	9709	0.7023
k141_846	7.6022	2657	0.6805
k141_849	5.9480	2075	0.6567
k141_855	6.8905	11238	0.6864
k141_858	4.5850	694	0.7116
k141_862	6.9986	17932	0.6366
k141_867	6.4872	8801	0.6697
k141_870	7.4982	5807	0.6964
k141_873	4.7867	1749	0.6847
k141_874	5.7688	2647	0.7003
k141_876	5.1343	1102	0.7211
k141_877	7.2868	1911	0.6986
k141_878	7.3963	5655	0.6738
k141_882	6.7814	18888	0.7027
k141_884	5.0733	1092	0.7213
k141_889	6.9627	6996	0.7097
k141_890	7.1149	16402	0.6879
k141_892	7.3221	7722	0.5777
k141_896	7.3713	7143	0.6636
k141_899	7.6618	1085	0.7339
k141_904	6.5288	3994	0.6721
k141_912	4.7446	1586	0.6663
k141_917	6.8291	9739	0.7142
k141_920	5.3599	539	0.6997
k141_921	66.6858	3670	0.3997
k141_922	7.1620	6469	0.7251
k141_929	6.8064	8843	0.6797
k141_930	6.9232	9941	0.7052
k141_936	4.3426	613	0.7597
k141_938	4.6071	784	0.6343
k141_941	6.1618	13947	0.6882
k141_951	4.8383	575	0.7056
k141_958	6.9136	12102	0.6457
k141_965	6.3960	1591	0.7284
k141_966	15.8165	1330	0.6519
k141_967	3.5223	561	0.7233
k141_977	3.1599	857	0.6216
k141_981	4.5756	655	0.6960
k141_982	5.4437	1084	0.6465
k141_986	6.4186	6650	0.6738
k141_990	6.4484	1532	0.6766
k141_991	3.7023	1199	0.6941
k141_994	3.4385	846	0.6216
k141_996	6.4021	8256	0.6822
k141_998	7.1565	8178	0.6598
k141_1003	5.6156	3715	0.6779
k141_1005	8.0338	562	0.7229
k141_1006	7.1291	13505	0.6987
k141_1009	5.3945	4459	0.6881
k141_1010	6.7802	6955	0.7112
k141_1018	6.1756	6579	0.6989
k141_1020	7.3679	15041	0.7076
k141_1022	6.0672	2678	0.6754
k141_1024	4.4056	683	0.6213
k141_1027	72.4844	11735	0.3297
k141_1029	5.8406	2146	0.7140
k141_1030	4.0277	723	0.6791
k141_1034	4.7541	1159	0.6944
k141_1049	72.6723	6908	0.4067
k141_1051	6.2680	3552	0.6803
k141_1054	7.4687	2074	0.7055
k141_1058	4.4805	1948	0.7186
k141_1062	4.6548	2969	0.7192
k141_1064	39.7326	561	0.5489
k141_1067	3.8996	767	0.6731
k141_1068	5.8798	6431	0.6892
k141_1069	7.3082	4591	0.7270
k141_1070	5.5857	2691	0.6293
k141_1072	7.3483	8601	0.7125
k141_1073	7.5016	3170	0.6915
k141_1075	8.0838	1182	0.6798
k141_1079	72.4509	14916	0.4292
k141_1080	7.4173	10628	0.6457
k141_1087	143.7017	6496	0.4941
k141_1088	82.4072	2431	0.5167
k141_1093	5.2167	1057	0.7379
k141_1094	7.4641	8843	0.7223
k141_1098	27.4453	548	0.6443
k141_1099	7.5249	7958	0.7073
k141_1100	7.4607	1452	0.7002
k141_1101	5.7209	4002	0.7084
k141_1106	5.7274	873	0.7641
k141_1107	3.0490	592	0.6606
k141_1110	68.5455	561	0.3571
k141_1114	4.7816	1259	0.7425
k141_1117	5.3417	1352	0.6020
k141_1120	3.9989	901	0.7248
k141_1123	6.5401	3618	0.6817
k141_1125	6.3431	9843	0.7082
k141_1126	6.5096	4853	0.6863
k141_1127	7.9016	10326	0.6904
k141_1130	7.2221	6816	0.6592
k141_1134	8.6544	5500	0.6985
k141_1136	6.8224	4015	0.6793
k141_1137	7.7761	16474	0.7002
k141_1138	49.9815	29044	0.5815
k141_1141	6.9102	12278	0.6703
k141_1144	3.4561	581	0.6645
k141_1145	6.9732	4360	0.7167
k141_1146	4.8964	2933	0.6522
k141_1152	7.3526	8590	0.6901
k141_1156	6.1251	8304	0.7053
k141_1157	6.5024	12265	0.6732
k141_1162	6.8590	23723	0.6865
k141_1165	5.4569	3640	0.6974
k141_1168	72.9029	30140	0.4317
k141_1169	4.4587	3037	0.7246
k141_1171	5.8010	2512	0.7097
k141_1174	6.4114	2032	0.6810
k141_1186	3.9111	1035	0.6486
k141_1190	6.8353	6625	0.6924
k141_1195	6.1561	3068	0.6888
k141_1199	3.4081	593	0.7342
k141_1202	7.1837	1992	0.6724
k141_1207	7.0694	9745	0.7074
k141_1213	48.6447	15545	0.5440
k141_1215	6.8140	15945	0.7063
k141_1216	5.5713	1458	0.7559
k141_1217	5.5476	1554	0.6504
k141_1218	6.7651	10537	0.6989
k141_1221	71.3531	33131	0.4004
k141_1222	5.5465	5859	0.7051
k141_1223	5.7042	2049	0.6639
k141_1226	64.1605	1153	0.4535
k141_1228	40.8774	4536	0.5164
k141_1229	6.0375	3571	0.6995
k141_1241	6.0727	3248	0.6795
k141_1244	7.2181	5754	0.6977
k141_1253	6.7092	13446	0.7014
k141_1254	3.0627	622	0.7038
k141_1257	6.6278	3404	0.6967
k141_1260	3.7159	718	0.6803
k141_1262	68.1980	5071	0.3893
k141_1263	50.7436	866	0.3712
k141_1267	6.1967	3319	0.6645
k141_1276	6.6221	17332	0.6461
k141_1279	6.6393	1447	0.6787
k141_1280	5.9220	1474	0.6787
k141_1288	7.0605	15579	0.6936
k141_1295	6.4326	5095	0.6927
k141_1299	3.1520	513	0.7021
k141_1303	4.2992	1036	0.6975
k141_1310	6.4390	3178	0.6226
k141_1313	5.2300	1700	0.6705
k141_1315	4.2098	715	0.6615
k141_1317	12.6189	950	0.6289
k141_1324	5.5965	964	0.6148
k141_1327	4.5992	2879	0.6547
k141_1328	74.0154	32114	0.4077
k141_1329	75.0517	23795	0.3984
k141_1334	7.0391	5344	0.6819
k141_1336	6.8012	14281	0.6888
k141_1337	6.1907	17764	0.6870
k141_1342	6.6437	9040	0.7012
k141_1346	6.9686	1146	0.7201
k141_1353	7.3860	12338	0.6673
k141_1357	7.2381	9709	0.6855
k141_1361	7.3212	18816	0.7010
k141_1362	3.6375	731	0.6563
k141_1371	3.7660	2368	0.6739
k141_1375	7.6760	8633	0.6842
k141_1378	7.5722	6548	0.6824
k141_1380	73.8068	2055	0.3888
k141_1381	48.9812	34521	0.5618
k141_1382	5.3778	2996	0.7053
k141_1387	3.5795	673	0.6736
k141_1388	4.4308	1966	0.7075
k141_1389	50.1196	29655	0.5220
k141_1392	6.4484	7560	0.6800
k141_1394	6.6863	1428	0.6630
k141_1396	5.2407	2065	0.7130
k141_1400	6.2517	2574	0.6696
k141_1402	6.2818	5972	0.6942
k141_1410	5.8904	1734	0.7063
k141_1420	4.7160	2042	0.7032
k141_1430	6.3056	2091	0.7226
k141_1439	67.8425	12002	0.4018
k141_1440	4.5230	566	0.7309
k141_1445	6.4592	2644	0.6518
k141_1447	5.8454	7363	0.6773
k141_1452	6.9474	25255	0.6792
k141_1454	74.8083	27094	0.4235
k141_1456	6.5900	639	0.7162
k141_1457	65.2766	2444	0.3638
k141_1459	6.2988	13906	0.6807
k141_1462	7.5065	3019	0.6742
k141_1463	5.5180	2946	0.6827
k141_1465	4.2929	1089	0.6734
k141_1471	5.4512	1589	0.6889
k141_1479	73.9532	33804	0.4211
k141_1480	6.5117	11046	0.6362
k141_1482	4.6277	556	0.6833
k141_1483	4.9560	705	0.7182
k141_1486	6.2374	2329	0.6954
k141_1487	4.6929	762	0.6783
k141_1488	64.1062	1168	0.3306
k141_1507	7.0807	9848	0.6957
k141_1512	6.7624	2399	0.6994
k141_1514	122.4353	3375	0.5052
k141_1518	5.8555	1868	0.6625
k141_1522	6.5995	19516	0.6922
k141_1525	61.7824	501	0.6182
k141_1527	68.3669	3707	0.4193
k141_1529	7.2019	5962	0.6894
k141_1535	4.8154	921	0.7444
k141_1536	5.9679	7751	0.7080
k141_1546	7.1199	8454	0.7285
k141_1548	5.9302	2007	0.7413
k141_1553	5.6722	3130	0.6236
k141_1556	49.4153	37728	0.5798
k141_1557	8.8843	4400	0.7190
k141_1562	7.5339	16770	0.6557
k141_1564	7.2754	10374	0.7062
k141_1565	72.8689	45314	0.4310
k141_1569	55.8261	696	0.4080
k141_1572	7.0275	9467	0.6816
k141_1573	5.1898	1681	0.6940
k141_1579	3.2112	857	0.7103
k141_1580	8.3056	2487	0.6732
k141_1583	48.9152	45752	0.5971
k141_1585	6.2373	2490	0.6885
k141_1587	6.5188	6186	0.7132
k141_1588	6.2133	4300	0.6689
k141_1590	6.0666	8091	0.6950
k141_1597	7.5988	1685	0.6138
k141_1601	7.0127	7167	0.7056
k141_1603	3.4865	518	0.6894
k141_1609	46.0315	4095	0.5273
k141_1617	71.5896	15720	0.4106
k141_1619	5.2306	1496	0.6931
k141_1620	4.0846	1016	0.7186
k141_1622	71.3938	22586	0.4134
k141_1629	75.8190	39416	0.4367
k141_1630	4.7404	1429	0.6850
k141_1637	5.7733	2475	0.7149
k141_1638	5.8949	1389	0.7206
k141_1644	5.8884	1766	0.6839
k141_1645	5.5199	2339	0.6846
k141_1657	7.1898	5622	0.6874
k141_1659	8.3391	2238	0.6941
k141_1667	7.2245	9549	0.6902
k141_1668	3.4039	1114	0.6887
k141_1671	72.2633	39548	0.4144
k141_1674	6.3882	4570	0.6861
k141_1681	5.3014	2462	0.6780
k141_1687	59.5933	1726	0.3469
k141_1690	6.3157	3361	0.6790
k141_1693	6.1600	2907	0.6861
k141_1694	6.0536	10217	0.6919
k141_1696	8.5119	2221	0.7036
k141_1697	5.9892	5075	0.6903
k141_1699	6.0754	6521	0.7149
k141_1700	5.9286	4342	0.6481
k141_1702	6.8869	5323	0.6926
k141_1703	6.1740	862	0.7233
k141_1708	6.9246	6513	0.6793
k141_1711	6.7081	5724	0.6643
k141_1712	5.1316	4970	0.7126
k141_1714	7.3052	2421	0.6800
k141_1719	61.5981	836	0.3547
k141_1720	6.8626	7672	0.6095
k141_1721	7.0284	9590	0.6980
k141_1724	131.6596	1457	0.3394
k141_1727	3.6368	961	0.7350
k141_1728	7.6487	25580	0.6955
k141_1733	132.0469	1621	0.3234
k141_1735	3.5749	668	0.7143
k141_1745	5.3277	650	0.7007
k141_1749	5.0759	725	0.7393
k141_1760	3.4423	581	0.7000
k141_1761	5.2262	2016	0.6998
k141_1767	6.3299	5223	0.6681
k141_1771	7.4470	2235	0.7125
k141_1773	6.5086	2851	0.7060
k141_1774	5.8672	5263	0.6646
k141_1775	48.7594	34131	0.5459
k141_1778	4.3908	952	0.7188
k141_1779	71.8177	11166	0.4449
k141_1780	4.1840	924	0.6821
k141_1781	52.4587	678	0.3925
k141_1783	69.9763	12027	0.3872
k141_1784	71.8053	32314	0.4164
k141_1787	8.6061	2803	0.6833
k141_1788	39.8227	598	0.5448
k141_1790	6.1176	1216	0.7107
k141_1792	3.3217	1063	0.6788
k141_1797	4.7764	814	0.6821
k141_1804	36.3328	640	0.5108
k141_1807	6.5371	3422	0.6414
k141_1810	54.0320	12268	0.5508
k141_1812	6.9620	9508	0.6995
k141_1813	6.0836	2523	0.7083
k141_1814	4.1126	728	0.5874
k141_1819	5.6741	1608	0.6972
k141_1821	71.9890	56810	0.4110
k141_1827	6.1755	3509	0.6342
k141_1828	7.3412	3716	0.6960
k141_1833	67.7089	6126	0.3930
k141_1836	7.3463	11230	0.6936
k141_1841	5.4287	1164	0.6758
k141_1844	73.1714	32691	0.4494
k141_1846	6.3857	1076	0.6793
k141_1854	6.7677	14853	0.6754
k141_1855	7.4449	2769	0.6996
k141_1857	3.2956	548	0.6440
k141_1861	5.2961	1307	0.6750
k141_1862	4.0113	977	0.7197
k141_1863	71.9484	45400	0.4503
k141_1865	6.5140	1109	0.7490
k141_1874	72.1776	28724	0.4098
k141_1877	3.1007	546	0.6833
k141_1879	133.1459	1405	0.6568
k141_1884	7.7083	10372	0.6802
k141_1885	58.9544	24778	0.5802
k141_1891	69.8304	10633	0.4052
k141_1893	5.9473	2713	0.6905
k141_1897	49.0535	11468	0.5708
k141_1899	5.8362	647	0.6892
k141_1908	7.2722	5283	0.6848
k141_1910	6.6219	7045	0.7020
k141_1916	6.7956	1981	0.6865
k141_1936	7.2324	4944	0.6939
k141_1939	3.7291	646	0.7051
k141_1946	47.2000	7330	0.5201
k141_1951	5.4952	4180	0.6763
k141_1959	4.5109	1378	0.6238
k141_1964	3.8438	1018	0.6923
k141_1975	5.1672	616	0.7082
k141_1987	3.0083	965	0.6767
k141_1993	6.5103	18161	0.6665
k141_2002	3.3014	730	0.7147
k141_2005	3.9815	756	0.6944
k141_2006	5.9242	2427	0.6762
k141_2008	4.4587	1598	0.6883
k141_2013	4.8660	642	0.6880
k141_2017	3.8785	1086	0.7361
k141_2019	6.0710	4409	0.6914
k141_2022	356.0329	1185	0.3905
k141_2023	46.1459	1666	0.6537
k141_2027	7.5236	18917	0.6967
k141_2034	5.5502	747	0.7553
k141_2042	49.3415	46044	0.5395
k141_2044	6.0473	5829	0.7022
k141_2046	7.8708	4234	0.6982
k141_2047	5.3481	2637	0.7227
k141_2049	6.1631	1410	0.6639
k141_2051	4.4832	1070	0.7178
k141_2052	56.7356	503	0.3589
k141_2065	48.1824	3630	0.4918
k141_2073	6.4494	3240	0.6955
k141_2074	3.2669	637	0.6896
k141_2078	6.6420	34890	0.7047
k141_2079	6.6831	4008	0.6805
k141_2085	3.0969	1166	0.6661
k141_2092	4.7444	888	0.6922
k141_2094	7.5139	6589	0.7396
k141_2095	6.3396	5504	0.6425
k141_2097	43.0836	1100	0.4853
k141_2098	105.2869	711	0.3863
k141_2102	70.0788	11002	0.4376
k141_2109	41.2510	506	0.3913
k141_2111	7.0426	4486	0.7006
k141_2115	5.6436	1055	0.6214
k141_2122	6.4102	919	0.7178
k141_2124	6.7139	17853	0.7138
k141_2127	7.0501	3312	0.6689
k141_2132	6.7574	3697	0.6479
k141_2134	6.3240	5568	0.6855
k141_2144	7.1526	6817	0.7005
k141_2146	4.4431	853	0.7447
k141_2148	7.4234	11131	0.6858
k141_2151	3.7314	1694	0.6645
k141_2154	7.1033	687	0.6990
k141_2158	4.7020	3520	0.7005
k141_2163	6.2519	8417	0.6605
k141_2165	6.8770	569	0.7066
k141_2169	6.7938	1266	0.7078
k141_2180	7.5821	35258	0.6841
k141_2181	84.2417	633	0.5418
k141_2184	4.8322	852	0.6692
k141_2186	71.8683	36280	0.3835
k141_2189	7.4911	4459	0.7043
k141_2190	6.6813	1707	0.6568
k141_2191	5.0396	883	0.6870
k141_2192	5.8114	4655	0.6728
k141_2194	5.5300	5660	0.6932
k141_2197	6.7453	14937	0.7138
k141_2198	7.4034	8558	0.6913
k141_2199	7.7735	5169	0.7276
k141_2208	4.3560	691	0.7286
k141_2222	7.4894	20775	0.6598
k141_2223	6.5429	6406	0.6818
k141_2224	6.2615	5423	0.6966
k141_2226	7.3319	34727	0.6812
k141_2232	4.6987	1281	0.6826
k141_2235	4.9561	1935	0.6435
k141_2241	48.0179	669	0.5330
k141_2249	6.2566	5195	0.6781
k141_2250	65.9095	3458	0.3882
k141_2252	6.6022	3009	0.7025
k141_2260	8.0530	4186	0.6751
k141_2261	7.6561	12096	0.7005
k141_2264	6.7801	11755	0.7058
k141_2265	6.5406	8051	0.6863
k141_2269	5.1662	1528	0.7036
k141_2270	4.8589	971	0.6953
k141_2271	5.9210	4760	0.6877
k141_2272	104.2355	2501	0.5295
k141_2275	72.5480	36924	0.4231
k141_2282	5.1222	933	0.6871
k141_2285	336.4409	558	0.3538
k141_2291	7.1800	1961	0.5996
k141_2294	356.8630	1693	0.5349
k141_2298	4.7604	555	0.7169
k141_2301	65.1366	1449	0.3460
k141_2304	7.1854	5360	0.6967
k141_2305	5.8625	3381	0.7033
k141_2309	3.1123	677	0.6730
k141_2321	7.3051	2560	0.7083
k141_2322	7.2808	5726	0.6741
k141_2328	4.9359	1403	0.6744
k141_2330	53.0113	1417	0.6308
k141_2335	3.6953	722	0.7191
k141_2337	4.2973	750	0.7273
k141_2340	8.0517	14340	0.6826
k141_2341	5.5588	791	0.7107
k141_2345	5.8494	5238	0.6880
k141_2349	4.9969	2268	0.6801
k141_2352	3.7807	2627	0.6753
k141_2353	6.7235	12927	0.7071
k141_2354	6.5521	16167	0.7091
k141_2362	6.7248	12441	0.6858
k141_2365	7.1775	3167	0.6839
k141_2370	6.8014	7522	0.7173
k141_2371	6.7315	838	0.6910
k141_2374	75.7401	46388	0.4475
k141_2377	7.5211	3928	0.6806
k141_2381	5.4778	5433	0.6865
k141_2382	6.5021	6288	0.7148
k141_2385	6.5693	9563	0.6865
k141_2389	50.4349	26349	0.5235
k141_2393	3.1798	851	0.7331
k141_2394	71.3240	14573	0.3691
k141_2397	5.5118	1444	0.6889
k141_2400	6.3138	3289	0.6981
k141_2404	73.3584	73295	0.4260
k141_2406	7.2112	4446	0.6937
k141_2411	6.8525	15065	0.7050
k141_2412	6.5376	15053	0.7012
k141_2414	6.2709	7439	0.6902
k141_2416	78.4009	3290	0.3587
k141_2417	6.2100	10856	0.6749
k141_2418	7.8121	7875	0.6631
k141_2422	6.2174	7872	0.6932
k141_2424	65.4344	6239	0.3490
k141_2426	7.5515	4796	0.6900
k141_2437	67.9029	5499	0.3695
k141_2438	49.6850	13312	0.5622
k141_2447	54.8084	835	0.4595
k141_2450	4.3329	2223	0.7057
k141_2451	6.4833	2042	0.6742
k141_2454	6.0461	5292	0.6960
k141_2459	7.2968	1213	0.7206
k141_2464	72.4451	58531	0.4262
k141_2465	5.6947	714	0.6713
k141_2466	74.1518	25506	0.4359
k141_2474	5.7091	6844	0.6951
k141_2478	6.1881	2286	0.6985
k141_2486	48.6573	79954	0.5613
k141_2492	8.1046	6157	0.6731
k141_2497	65.9067	836	0.3910
k141_2500	7.6062	7974	0.6263
k141_2501	4.6037	911	0.7212
k141_2504	5.8904	4900	0.7081
k141_2506	6.7188	5092	0.7254
k141_2512	3.7062	1137	0.6860
k141_2521	11.7789	511	0.5498
k141_2529	4.0509	806	0.6315
k141_2541	6.5377	7273	0.6805
k141_2544	3.8908	696	0.6932
k141_2545	4.1909	639	0.6977
k141_2559	7.4878	6488	0.6404
k141_2563	6.6814	4338	0.6231
k141_2569	72.1429	47042	0.4299
k141_2571	4.1997	711	0.6781
k141_2572	5.5314	653	0.6376
k141_2575	5.1096	976	0.7108
k141_2577	7.6504	5726	0.6625
k141_2578	8.8610	935	0.6789
k141_2579	6.4078	5561	0.7197
k141_2583	73.6495	29281	0.4089
k141_2590	7.0624	10505	0.6950
k141_2591	6.2764	2095	0.6641
k141_2594	6.6851	4637	0.6660
k141_2602	4.4366	859	0.7084
k141_2606	6.7690	4995	0.6356
k141_2610	6.2898	4731	0.6963
k141_2612	5.9554	6722	0.7284
k141_2618	7.8093	3219	0.7299
k141_2619	3.5946	819	0.6910
k141_2629	6.4039	15838	0.6519
k141_2635	4.7536	3714	0.7349
k141_2636	4.8614	909	0.6975
k141_2639	6.9783	21372	0.7001
k141_2648	6.2694	902	0.6760
k141_2654	4.0200	749	0.6957
k141_2671	6.8025	952	0.6623
k141_2678	7.3187	4999	0.6801
k141_2680	72.9232	49860	0.4139
k141_2683	7.4949	584	0.6485
k141_2685	5.4801	677	0.6767
k141_2687	72.9952	5585	0.4077
k141_2689	5.4908	1850	0.6445
k141_2690	4.5224	4784	0.7008
k141_2692	5.5301	1228	0.6984
k141_2702	3.0251	597	0.7231
k141_2707	125.1663	1365	0.4283
k141_2709	7.6589	21415	0.6850
k141_2711	5.2861	783	0.6535
k141_2712	7.2370	5865	0.7206
k141_2713	68.3248	5721	0.4203
k141_2715	8.2325	1811	0.6819
k141_2723	5.6066	3805	0.6814
k141_2730	115.5088	963	0.3510
k141_2740	6.8773	8446	0.6543
k141_2742	6.6966	1595	0.7670
k141_2756	7.1717	6274	0.6578
k141_2761	4.8363	3964	0.7168
k141_2765	6.5957	9942	0.6857
k141_2768	7.3978	7323	0.6840
k141_2770	8.8659	5323	0.6714
k141_2776	4.7806	1317	0.6917
k141_2778	6.8555	6936	0.6768
k141_2779	5.6181	6992	0.6686
k141_2780	4.4355	1279	0.6524
k141_2783	3.4867	754	0.7427
k141_2801	6.0225	7767	0.6893
k141_2802	7.2926	11267	0.6278
k141_2810	6.4454	2593	0.7113
k141_2815	5.0976	1353	0.6386
k141_2820	49.1985	24660	0.5985
k141_2821	7.2078	2464	0.6993
k141_2824	7.4081	2323	0.6449
k141_2825	5.0775	1304	0.7635
k141_2826	4.5565	841	0.6931
k141_2835	5.8009	1743	0.7099
k141_2837	5.5229	2289	0.6853
k141_2838	83.6998	653	0.5213
k141_2841	6.5081	3883	0.7016
k141_2849	4.7906	869	0.6963
k141_2858	7.4447	4232	0.7299
k141_2862	7.6927	8832	0.6888
k141_2866	62.9292	1187	0.4183
k141_2871	6.1455	14006	0.6895
k141_2873	6.6216	5423	0.7104
k141_2874	8.0120	10846	0.6947
k141_2875	4.5421	795	0.5795
k141_2876	3.3213	778	0.6641
k141_2878	5.1033	881	0.7107
k141_2881	7.1701	4197	0.6847
k141_2882	5.7850	1688	0.7076
k141_2883	7.6309	1753	0.7146
k141_2892	6.1812	13463	0.7055
k141_2899	3.8419	626	0.6831
k141_2905	6.9308	6665	0.6998
k141_2911	3.3631	537	0.7104
k141_2914	3.7167	639	0.7201
k141_2915	3.5522	833	0.7063
k141_2928	49.9123	94933	0.5812
k141_2929	5.7490	5534	0.6982
k141_2932	6.5731	8782	0.6598
k141_2933	7.0117	8068	0.6806
k141_2934	6.8807	7326	0.6254
k141_2939	74.1956	56526	0.4166
k141_2943	71.9215	86869	0.4334
k141_2950	72.0165	17587	0.4032
k141_2951	3.7430	603	0.6939
k141_2952	6.8190	13787	0.7052
k141_2953	7.2050	10898	0.7244
k141_2954	49.6884	95770	0.5693
k141_2955	7.8703	4512	0.7167
k141_2956	7.3417	8485	0.6999
k141_2957	5.3125	2000	0.6555
k141_2958	6.7220	13203	0.6918
k141_2965	5.9871	8194	0.6842
k141_2974	3.5537	847	0.6595
k141_2978	7.3011	9934	0.6953
k141_3003	5.8627	3234	0.6952
k141_3012	135.3731	2439	0.5811
k141_3030	6.1637	18820	0.6578
k141_3031	66.9273	6683	0.3540
k141_3032	5.8813	1432	0.7291
k141_3033	8.0106	7738	0.7096
k141_3038	4.4975	601	0.6740
k141_3039	5.9069	6777	0.6694
k141_3047	6.6391	3840	0.6867
k141_3069	63.6088	565	0.5608
k141_3072	72.8281	17704	0.3558
k141_3075	5.7491	1132	0.7277
k141_3079	5.8869	1167	0.6645
k141_3083	6.2119	16853	0.6978
k141_3084	71.2382	97390	0.4038
k141_3085	34.1839	1387	0.4826
k141_3086	6.7201	3105	0.6986
k141_3087	7.6820	13146	0.6540
k141_3089	47.1860	3409	0.5764
k141_3091	72.3408	18311	0.4429
k141_3093	72.9686	10999	0.3833
k141_3095	6.2743	4506	0.6833
k141_3097	135.5948	1123	0.5374
k141_3099	116.8618	1223	0.5528
k141_3101	5.4142	3498	0.6785
k141_3103	4.3075	943	0.6996
k141_3104	6.6684	4524	0.6910
k141_3114	3.2934	542	0.6406
k141_3125	71.2724	11097	0.3872
k141_3128	5.6760	574	0.6463
k141_3144	6.4852	4829	0.6768
k141_3147	6.9191	1026	0.6234
k141_3148	4.3256	1038	0.6629
k141_3149	48.5063	87033	0.5686
k141_3152	72.7439	41839	0.4223
k141_3153	4.2061	723	0.7128
k141_3154	6.3833	6368	0.7005
k141_3155	5.0206	2034	0.7016
k141_3156	6.7508	15275	0.7059
k141_3157	4.7059	1197	0.6008
k141_3158	6.7677	2260	0.7381
k141_3165	72.2527	9276	0.3974
k141_3174	118.6657	1065	0.3525
k141_3181	141.3746	614	0.3598
k141_3185	72.7824	91648	0.4277
k141_3187	7.3016	3153	0.7341
k141_3189	87.0780	2141	0.4767
k141_3190	4.4566	806	0.6847
k141_3192	6.5340	9641	0.6843
k141_3195	6.3941	2020	0.6816
k141_3196	5.9869	3670	0.7044
k141_3199	50.0367	20538	0.6130
k141_3212	6.6690	722	0.7155
k141_3213	6.4995	4294	0.6869
k141_3215	7.6413	5815	0.6993
k141_3218	7.5536	2789	0.6881
k141_3219	3.8736	530	0.6640
k141_3225	6.3107	5543	0.6625
k141_3237	5.9976	3404	0.6602
k141_3238	7.2050	517	0.6890
k141_3240	5.7126	1656	0.7174
k141_3248	4.9443	3467	0.7017
k141_3249	7.8028	7637	0.6599
k141_3254	3.8586	1139	0.7198
k141_3257	3.9294	595	0.7294
k141_3269	49.1460	87682	0.5581
k141_3270	4.1479	1224	0.7346
k141_3273	6.4763	6412	0.7077
k141_3274	5.5230	782	0.6478
k141_3276	8.1252	7651	0.6877
k141_3277	6.4334	10758	0.7182
k141_3286	4.7743	1701	0.6465
k141_3287	6.5623	4128	0.6964
k141_3292	64.1311	1953	0.4046
k141_3294	7.9990	12034	0.7004
k141_3302	3.9457	534	0.6782
k141_3307	3.1522	716	0.7060
k141_3308	5.0210	1618	0.6617
k141_3309	8.3162	3393	0.6780
k141_3311	5.2819	894	0.7342
k141_3312	6.0090	995	0.7169
k141_3315	7.5410	5421	0.5861
k141_3318	73.2295	41366	0.4034
k141_3319	5.9571	3029	0.6840
k141_3325	6.9907	861	0.6181
k141_3326	7.0260	15831	0.6961
k141_3333	6.6546	13078	0.7200
k141_3345	7.5777	3654	0.6768
k141_3346	4.0600	1334	0.6150
k141_3347	5.5714	784	0.7060
k141_3356	8.2755	5325	0.6976
k141_3365	3.0874	629	0.6308
k141_3370	3.7540	561	0.7195
k141_3371	3.3478	808	0.6726
k141_3374	6.8232	1267	0.6690
k141_3386	3.2989	726	0.6416
k141_3388	6.0200	3100	0.6680
k141_3389	6.3155	7189	0.6790
k141_3393	71.1213	27592	0.4272
k141_3394	75.6404	3543	0.3495
k141_3398	6.0911	6511	0.7270
k141_3401	7.7315	14308	0.6919
k141_3402	6.9194	3153	0.5566
k141_3403	72.0842	17397	0.4341
k141_3405	71.0343	45563	0.4160
k141_3406	48.7371	40306	0.5404
k141_3408	5.7819	2825	0.6182
k141_3410	4.2504	1258	0.7100
k141_3412	4.2036	619	0.6980
k141_3424	6.2167	5265	0.6935
k141_3428	6.2039	613	0.6507
k141_3432	7.7675	9733	0.6833
k141_3438	4.5294	1260	0.7159
k141_3450	6.8775	8310	0.7057
k141_3455	6.8177	2304	0.7473
k141_3456	6.9722	19531	0.6907
k141_3457	8.0842	5034	0.6746
k141_3466	7.6147	7360	0.6862
k141_3469	7.6624	12827	0.6951
k141_3471	6.8126	1425	0.6351
k141_3472	5.3079	3423	0.6498
k141_3475	7.0720	5517	0.6639
k141_3478	73.5840	12602	0.4069
k141_3485	6.8032	6174	0.7037
k141_3486	5.0932	2059	0.7005
k141_3491	5.4201	2609	0.7144
k141_3496	71.6350	30741	0.4102
k141_3498	5.1369	621	0.5690
k141_3503	6.0933	2261	0.6719
k141_3504	6.0059	2717	0.6745
k141_3519	6.4540	8767	0.6775
k141_3537	6.2816	5912	0.6860
k141_3540	8.0786	15336	0.6890
k141_3542	6.9435	12352	0.6946
k141_3547	6.6609	2203	0.7531
k141_3549	5.9434	1114	0.6799
k141_3553	7.7374	7845	0.6957
k141_3566	5.0332	2923	0.6101
k141_3567	4.8451	510	0.6648
k141_3570	72.8737	88548	0.4145
k141_3571	5.1823	1278	0.6679
k141_3572	5.7926	1784	0.7223
k141_3574	43.8918	2172	0.4952
k141_3576	7.6109	3156	0.6780
k141_3577	49.9451	66334	0.5767
k141_3578	4.3189	2509	0.6900
k141_3580	32.7593	590	0.6043
k141_3586	44.8836	6806	0.4829
k141_3595	6.7179	4265	0.6653
k141_3613	71.7063	34857	0.4031
k141_3614	6.0131	2753	0.6723
k141_3618	72.1743	15749	0.4317
k141_3621	6.3083	1622	0.6948
k141_3632	7.5502	2052	0.6609
k141_3643	4.8678	908	0.6678
k141_3644	4.5150	800	0.6996
k141_3647	6.9083	27213	0.6998
k141_3650	7.2452	5929	0.7097
k141_3651	45.4170	3693	0.4755
k141_3653	5.0809	6145	0.6806
k141_3654	47.2498	35646	0.5472
k141_3656	48.4148	15798	0.5644
k141_3658	7.2166	3688	0.7170
k141_3659	7.1731	9564	0.7057
k141_3660	6.1598	1289	0.7548
k141_3662	7.7099	934	0.7040
k141_3671	6.9634	7953	0.6697
k141_3676	6.5615	16708	0.6841
k141_3689	5.5683	1566	0.6843
k141_3690	4.8319	904	0.7001
k141_3691	76.4313	30672	0.4280
k141_3694	7.6776	7941	0.6600
k141_3695	5.4150	2487	0.6907
k141_3696	4.7829	1824	0.6579
k141_3707	6.1815	5971	0.7064
k141_3710	3.9586	532	0.7024
k141_3712	4.2806	3318	0.6937
k141_3713	5.9092	815	0.7006
k141_3716	4.1062	1026	0.6645
k141_3720	49.0577	61907	0.6084
k141_3721	40.8059	1571	0.5295
k141_3722	6.0691	5845	0.6816
k141_3728	5.4106	1649	0.7078
k141_3729	5.6022	998	0.6844
k141_3744	5.2475	2465	0.6883
k141_3748	7.5129	6835	0.6988
k141_3751	3.9750	1439	0.6832
k141_3753	7.2126	5504	0.6973
k141_3756	6.5563	3638	0.6561
k141_3760	5.9168	745	0.6811
k141_3776	4.6219	558	0.6552
k141_3778	73.6005	9357	0.4368
k141_3787	7.6874	13879	0.6935
k141_3790	6.1032	3323	0.6768
k141_3795	6.7087	8856	0.6755
k141_3796	3.8290	503	0.6986
k141_3797	65.7410	556	0.3910
k141_3801	4.7564	1835	0.7452
k141_3803	6.5747	3640	0.7074
k141_3811	69.8110	8363	0.3984
k141_3813	43.3281	506	0.3930
k141_3815	3.4375	512	0.7248
k141_3816	8.0247	4895	0.6278
k141_3822	6.4750	6967	0.6655
k141_3823	6.7519	13505	0.6964
k141_3824	4.7075	694	0.7590
k141_3825	5.0688	1990	0.7036
k141_3827	6.0535	1420	0.7005
k141_3837	3.1943	530	0.6611
k141_3840	6.6263	934	0.7061
k141_3845	50.5388	902	0.5594
k141_3851	6.9690	9638	0.7117
k141_3852	4.2656	1728	0.6959
k141_3854	69.2240	625	0.5427
k141_3858	6.3008	2483	0.6848
k141_3860	70.3554	62850	0.4223
k141_3862	49.5669	127352	0.5898
k141_3863	6.4547	4150	0.6870
k141_3865	6.9143	1867	0.6976
k141_3866	5.9117	6821	0.6801
k141_3868	71.8493	43612	0.4224
k141_3871	5.3029	4081	0.7202
k141_3873	6.7674	4084	0.7155
k141_3874	75.1207	16781	0.4396
k141_3888	8.2030	1000	0.6953
k141_3892	4.3852	540	0.6229
k141_3899	4.4115	955	0.7178
k141_3904	73.5861	33833	0.4254
k141_3907	71.3087	14096	0.4327
k141_3909	6.2018	13956	0.6857
k141_3910	6.8428	4683	0.7254
k141_3911	5.5326	4352	0.7336
k141_3916	66.1852	2927	0.3568
k141_3918	4.8898	1507	0.7009
k141_3921	5.4135	815	0.7189
k141_3924	4.3024	807	0.7132
k141_3929	6.0350	8935	0.6803
k141_3930	5.7588	1078	0.6667
k141_3932	61.8805	1741	0.3402
k141_3935	4.9045	3551	0.7021
k141_3937	46.5465	2551	0.4771
k141_3940	48.6802	21304	0.5829
k141_3943	5.9767	6360	0.6569
k141_3947	5.9786	3320	0.6915
k141_3948	6.4941	1516	0.6458
k141_3950	7.1547	9819	0.6871
k141_3956	4.7551	886	0.7119
k141_3963	44.2899	783	0.4818
k141_3968	188.9115	689	0.3531
k141_3970	7.1281	8017	0.6850
k141_3976	4.0976	789	0.6850
k141_3982	48.8040	160010	0.5741
k141_3986	72.1169	113652	0.4306
k141_3987	72.2670	106563	0.4222
k141_3989	7.7714	7760	0.6983
k141_3990	5.4033	600	0.7122
k141_3992	6.8322	7312	0.6943
k141_4002	6.3334	3554	0.6930
k141_4003	7.7384	12974	0.6827
k141_4009	7.1667	6406	0.7010
k141_4011	188.9569	1787	0.5401
k141_4013	7.0414	9366	0.7021
k141_4018	101.0806	1203	0.4889
k141_4030	6.9614	14754	0.6882
k141_4033	74.1397	30767	0.4028
k141_4042	5.9150	5411	0.7090
k141_4043	6.8470	13349	0.6906
k141_4044	76.8996	667	0.5194
k141_4048	7.3741	1652	0.6662
k141_4051	6.4251	24386	0.7015
k141_4068	6.0015	7122	0.6904
k141_4069	7.1222	622	0.6999
k141_4071	6.3300	3897	0.6835
k141_4075	6.0156	1471	0.7069
k141_4092	3.0977	573	0.6755
k141_4100	3.2518	695	0.6458
k141_4103	50.5830	46549	0.5320
k141_4114	72.8290	36960	0.3950
k141_4115	72.5707	15047	0.3649
k141_4116	73.1417	82239	0.4114
k141_4117	8.0006	1783	0.6860
k141_4118	6.6130	3574	0.6920
k141_4119	7.4832	8502	0.6888
k141_4121	5.2044	1619	0.6634
k141_4130	6.3951	9092	0.6829
k141_4131	4.3057	1351	0.6990
k141_4132	70.6672	26452	0.4235
k141_4137	6.3248	8279	0.5916
k141_4138	6.2999	1774	0.7210
k141_4141	6.2544	3172	0.6730
k141_4143	6.6634	1013	0.6877
k141_4144	34.4039	14228	0.3967
k141_4145	4.7530	1830	0.7088
k141_4150	7.8672	4285	0.6748
k141_4156	3.0025	802	0.7014
k141_4160	7.8325	5076	0.6657
k141_4164	4.5197	1722	0.7135
k141_4166	6.2360	18516	0.6802
k141_4168	6.9352	25895	0.7019
k141_4174	7.5254	9514	0.6677
k141_4178	6.6041	5777	0.6411
k141_4180	6.1654	3555	0.6136
k141_4185	7.2396	8691	0.6912
k141_4186	3.8484	1642	0.7230
k141_4187	6.2022	1395	0.7130
k141_4195	4.1918	3874	0.6769
k141_4198	6.2368	646	0.6792
k141_4199	7.6726	7676	0.7011
k141_4202	5.9073	2373	0.6866
k141_4210	6.8318	9830	0.6810
k141_4212	7.7908	15925	0.6983
k141_4213	72.5374	112123	0.4226
k141_4214	7.1491	6694	0.6764
k141_4216	48.6236	1193	0.5181
k141_4222	6.4311	2663	0.7008
k141_4228	72.4368	110713	0.4117
k141_4229	71.2676	23278	0.3961
k141_4230	7.3967	5876	0.6964
k141_4235	5.1003	698	0.6802
k141_4246	69.2397	1339	0.3885
k141_4248	49.0276	149544	0.5833
k141_4249	6.8283	4981	0.6655
k141_4250	72.6264	28387	0.4180
k141_4252	72.3883	31221	0.4066
k141_4254	6.6515	13071	0.6743
k141_4255	71.2545	23065	0.4162
k141_4259	6.4786	3291	0.7084
k141_4260	70.1917	2968	0.4265
k141_4285	5.8361	592	0.6996
k141_4289	6.6038	992	0.5945
k141_4290	4.3140	551	0.6150
k141_4293	4.8533	1922	0.7051
k141_4297	4.1736	1279	0.7117
k141_4299	5.4254	2252	0.6746
k141_4303	6.7683	2249	0.7146
k141_4304	5.9876	3156	0.6903
k141_4306	7.1409	11145	0.6959
k141_4316	38.7917	528	0.4940
k141_4320	48.6499	145119	0.5897
k141_4327	8.0716	14608	0.6905
k141_4333	6.5548	4969	0.7289
k141_4339	6.0377	9405	0.6888
k141_4346	49.8317	59452	0.5732
k141_4347	6.9308	6687	0.6966
k141_4348	7.5728	4213	0.6824
k141_4350	3.9236	537	0.6939
k141_4359	7.2442	7468	0.7398
k141_4374	35.9625	507	0.5485
k141_4377	133.7998	814	0.5247
k141_4379	4.0427	633	0.6700
k141_4382	8.8068	1434	0.6664
k141_4383	7.3206	22857	0.6625
k141_4385	70.7579	17624	0.3871
k141_4388	3.2128	545	0.6384
k141_4391	52.7002	637	0.3267
k141_4394	5.4446	2850	0.6737
k141_4403	7.1394	3816	0.7061
k141_4405	6.1731	5118	0.7042
k141_4406	72.9558	82974	0.3843
k141_4407	72.1063	41844	0.4220
k141_4409	49.4976	188407	0.5750
k141_4411	4.5758	844	0.6652
k141_4414	6.1145	3973	0.7309
k141_4415	7.2667	6165	0.6669
k141_4434	7.6063	4697	0.6677
k141_4444	7.8743	12894	0.6708
k141_4445	6.0412	2740	0.6812
k141_4452	7.4345	557	0.6761
k141_4460	7.1080	18373	0.7018
k141_4467	7.0166	9922	0.6529
k141_4469	6.4125	9040	0.6954
k141_4472	4.9207	3277	0.6916
k141_4476	71.1024	26856	0.4121
k141_4479	6.1790	972	0.7257
k141_4487	5.0951	5102	0.6889
k141_4491	29.1847	655	0.5938
k141_4505	6.7225	627	0.6972
k141_4507	6.8125	912	0.6453
k141_4519	72.4779	106388	0.4204
k141_4520	7.2226	19703	0.6782
k141_4521	6.2856	7326	0.6981
k141_4528	6.6600	3479	0.6861
k141_4540	72.4029	50344	0.4187
k141_4541	6.5707	6536	0.6759
k141_4543	4.8126	1953	0.5922
k141_4545	50.2264	75442	0.5706
k141_4546	6.0447	1521	0.7153
k141_4547	6.7359	12187	0.6668
k141_4550	7.0488	3915	0.6933
k141_4558	6.6639	3532	0.6883
k141_4561	7.0861	16945	0.6998
k141_4564	6.8188	16001	0.6931
k141_4571	70.6277	8246	0.3985
k141_4573	72.2656	39086	0.4214
k141_4577	5.5234	1664	0.7113
k141_4597	74.0725	30462	0.4511
k141_4599	175.9145	795	0.4127
k141_4601	49.5386	229883	0.5874
k141_4602	6.2033	6489	0.7014
k141_4606	6.0201	3238	0.6849
k141_4608	4.7507	1075	0.6863
k141_4624	74.6762	6278	0.3612
k141_4627	6.1269	3389	0.6788
k141_4629	5.0131	993	0.7028
k141_4631	7.6582	14914	0.7006
k141_4633	5.7966	1637	0.6705
k141_4636	3.2244	517	0.7032
k141_4640	7.8397	3493	0.6803
k141_4641	4.4556	608	0.6788
k141_4642	6.5197	4647	0.6956
k141_4644	71.9390	2966	0.4258
k141_4648	8.1103	2584	0.6919
k141_4650	50.0427	206796	0.5853
k141_4651	6.5461	4323	0.6827
k141_4652	7.6304	1921	0.6935
k141_4653	49.2135	215005	0.5867
k141_4654	71.0449	29831	0.4389
k141_4655	6.9001	5966	0.6544
k141_4658	5.5751	1492	0.7278
k141_4659	5.1563	1152	0.6944
k141_4660	6.4064	3890	0.6779
k141_4668	6.7530	668	0.6585
k141_4670	5.6321	2998	0.6997
k141_4671	4.5312	930	0.7250
k141_4673	3.6811	602	0.7388
k141_4675	5.1932	1449	0.6981
k141_4679	6.8444	6361	0.6921
k141_4680	3.2429	1021	0.7233
k141_4691	4.2577	978	0.7100
k141_4697	3.5979	669	0.7130
k141_4704	5.4311	1030	0.6508
k141_4706	4.9601	526	0.6696
k141_4707	5.3396	845	0.7052
k141_4711	4.3971	753	0.6913
k141_4716	7.4211	5799	0.7051
k141_4721	7.3627	4980	0.6984
k141_4722	4.3379	1388	0.7141
k141_4725	4.0776	1302	0.6539
k141_4734	71.9899	20640	0.4264
k141_4738	44.8242	2344	0.4721
k141_4749	7.1943	7226	0.6773
k141_4750	70.4914	2489	0.3855
k141_4753	5.6007	566	0.6554
k141_4754	9.6964	639	0.6250
k141_4756	6.4433	5502	0.7069
k141_4760	7.7303	10184	0.6808
k141_4767	7.8271	12264	0.6762
k141_4768	6.0040	3258	0.7049
k141_4774	7.9169	5465	0.6737
k141_4775	73.1879	59744	0.4303
k141_4776	6.3288	5892	0.6975
k141_4777	71.0956	19084	0.4213
k141_4796	48.7587	204702	0.5745
k141_4797	72.7695	30437	0.4102
k141_4807	6.3870	2920	0.7120
k141_4808	49.2668	205171	0.5647
k141_4809	4.0522	594	0.6611
k141_4812	49.3735	291894	0.5654
k141_4813	71.7744	26640	0.4229
k141_4814	7.0231	6981	0.7122
k141_4815	4.1247	1957	0.6706
k141_4816	7.3240	2219	0.7246
k141_4817	71.6871	5798	0.3715
k141_4833	6.9704	6310	0.6869
k141_4835	65.6887	1767	0.3627
k141_4842	4.5503	596	0.7161
k141_4849	5.6016	4174	0.7209
k141_4853	5.8284	2995	0.6885
k141_4857	7.1475	4332	0.6839
k141_4858	73.6924	31862	0.4272
k141_4859	6.9084	7304	0.6828
k141_4860	6.0708	734	0.7136
k141_4869	7.0897	7958	0.6924
k141_4871	5.1082	7244	0.6813
k141_4873	5.2332	549	0.7229
k141_4879	3.9504	1048	0.6732
k141_4880	5.6576	955	0.6691
k141_4881	5.9727	5240	0.6982
k141_4882	4.7328	655	0.6771
k141_4893	5.8745	749	0.6749
k141_4895	6.9410	11875	0.6768
k141_4897	71.4222	8405	0.4255
k141_4898	8.7309	1687	0.7004
k141_4902	4.1837	931	0.5786
k141_4904	4.7026	945	0.6372
k141_4909	7.1569	4207	0.6590
k141_4911	3.9003	1003	0.6289
k141_4915	4.9838	1916	0.7172
k141_4916	5.1267	2929	0.7248
k141_4917	4.9367	1216	0.6527
k141_4923	6.1899	2843	0.6815
k141_4924	6.7231	3015	0.7130
k141_4928	73.4146	60108	0.4387
k141_4934	5.8066	1210	0.6571
k141_4936	6.0319	3892	0.7176
k141_4939	71.1396	37904	0.4017
k141_4945	7.1962	20156	0.6920
k141_4950	5.5256	1720	0.7017
k141_4955	4.3044	979	0.6706
k141_4957	7.0697	14410	0.6846
k141_4964	51.7824	7565	0.4964
k141_4966	7.6436	7676	0.6973
k141_4969	4.2561	2616	0.6789
k141_4980	4.8141	920	0.6859
k141_4991	74.6825	12671	0.4338
k141_4992	71.7852	30931	0.4226
k141_4993	5.5608	1382	0.7046
k141_4995	8.7504	2716	0.6517
k141_4997	6.8225	3115	0.7338
k141_5001	6.5103	4993	0.6864
k141_5005	3.3942	761	0.6615
k141_5007	6.9356	3931	0.7114
k141_5012	48.7663	295262	0.5810
k141_5013	6.4969	7452	0.6845
k141_5015	72.3656	50956	0.4265
k141_5016	72.7261	53591	0.4235
k141_5019	6.8826	2837	0.7066
k141_5023	6.7428	8576	0.7004
k141_5027	7.3643	10083	0.6974
k141_5035	70.7899	52747	0.4081
k141_5039	6.9268	22413	0.6724
k141_5048	6.2663	1622	0.6774
k141_5051	5.1226	1738	0.6821
k141_5054	7.1367	5777	0.6691
k141_5057	65.2671	835	0.4700
k141_5060	6.2098	2841	0.7276
k141_5067	49.9596	52536	0.5753
k141_5068	4.1470	1136	0.6991
k141_5075	6.5843	14206	0.6957
k141_5078	48.6718	196606	0.5906
k141_5079	3.5900	922	0.6548
k141_5087	8.4057	5692	0.7006
k141_5088	6.6687	2572	0.7270
k141_5090	6.8463	7562	0.6863
k141_5093	48.9950	123551	0.5715
k141_5095	3.3759	3110	0.7259
k141_5096	5.7036	614	0.7295
k141_5097	5.1476	1917	0.7178
k141_5099	49.0005	235383	0.5778
k141_5103	72.7653	40967	0.4268
k141_5110	3.7528	797	0.7362
k141_5114	7.3054	3870	0.6983
k141_5118	6.7004	2470	0.7171
k141_5119	6.5314	14638	0.7228
k141_5123	4.9004	1425	0.6894
k141_5126	71.9545	7640	0.3631
k141_5129	6.2936	2391	0.6871
k141_5130	5.6339	3149	0.7006
k141_5131	6.4289	14746	0.7256
k141_5133	3.7160	810	0.6993
k141_5134	49.5520	297283	0.5700
k141_5135	5.8272	5990	0.6808
k141_5136	8.3061	3969	0.6642
k141_5145	7.9511	4005	0.7202
k141_5147	3.4755	1102	0.6662
k141_5148	6.5787	4892	0.6717
k141_5153	7.6732	4981	0.6892
k141_5160	4.7690	935	0.6913
k141_5164	5.6524	4736	0.6929
k141_5165	4.6944	625	0.6492
k141_5167	72.4751	34787	0.4062
k141_5168	49.3652	127239	0.5855
k141_5173	6.8908	4991	0.6686
k141_5182	49.9118	295974	0.5737
